x_1=[85820.000000, 85820.000000, 85820.000000, 85820.000000, 85820.000000, 79100.000000, 79100.000000, 79100.000000, 79100.000000, 79100.000000, 55230.000000, 55230.000000, 55230.000000, 55230.000000, 53550.000000, 53550.000000, 53550.000000, 53550.000000, 53550.000000, 55790.000000, 55790.000000, 55790.000000, 55790.000000, -4900.000000, -4900.000000, -4900.000000, -4900.000000, -4900.000000, -46550.000000, -46550.000000, -46550.000000, -62230.000000, -42490.000000, -42490.000000, -42490.000000, -42490.000000, -26110.000000, -26110.000000, -26110.000000, -26110.000000, -26110.000000, -86450.000000, -86450.000000, -86450.000000, -86450.000000, -147630.000000, -147630.000000, -147630.000000, -147630.000000, -181230.000000, -232330.000000, -232330.000000, -232330.000000, -325920.000000, -325920.000000, -325920.000000, -325920.000000, -309050.000000, -309050.000000, -309050.000000, -309050.000000, -178570.000000, -178570.000000, -178570.000000, -178570.000000, -129430.000000, -129430.000000, -129430.000000, -129430.000000, -127120.000000, -127120.000000, -127120.000000, -127120.000000, -64680.000000, -64680.000000, -64680.000000, -64680.000000, -40600.000000, -40600.000000, -40600.000000, -40600.000000, -40600.000000, 24710.000000, 24710.000000, 24710.000000, 24710.000000, 58240.000000, 58240.000000, 58240.000000, 58240.000000, 58240.000000, 11830.000000, 11830.000000, 11830.000000, 11830.000000, 85890.000000, 85890.000000, 85890.000000, 85890.000000, 85890.000000, 90160.000000, 90160.000000, 90160.000000, 90160.000000, 111160.000000, 111160.000000, 111160.000000, 111160.000000, 111160.000000, 107940.000000, 107940.000000, 107940.000000, 107940.000000, 161560.000000, 161560.000000, 161560.000000, 161560.000000, 117040.000000, 117040.000000, 117040.000000, 117040.000000, 7000.000000, 7000.000000, 7000.000000, -22680.000000, -22680.000000, -106470.000000, -106470.000000, -106470.000000, -106470.000000, -152950.000000, -152950.000000, -152950.000000, -152950.000000, -195090.000000, -195090.000000, -195090.000000, -195090.000000, -259070.000000, -259070.000000, -259070.000000, -259070.000000, -322350.000000, -338380.000000, -338380.000000, -338380.000000, -282310.000000, -282310.000000, -282310.000000, -282310.000000, -297150.000000, -297150.000000, -297150.000000, -297150.000000, -173110.000000, -173110.000000, -173110.000000, -173110.000000, -126840.000000, -126840.000000, -126840.000000, -126840.000000, -30520.000000, -30520.000000, -30520.000000, -30520.000000, 39830.000000, 39830.000000, 39830.000000, 39830.000000, 39830.000000, 19320.000000, 19320.000000, 19320.000000, 19320.000000, 43610.000000, 43610.000000, 43610.000000, 43610.000000, 43610.000000, 50540.000000, 50540.000000, 50540.000000, 50540.000000, 50540.000000, 99890.000000, 99890.000000, 99890.000000, 99890.000000, 155610.000000, 155610.000000, 155610.000000, 155610.000000, 113330.000000, 113330.000000, 113330.000000, 113330.000000, 113330.000000, 72030.000000, 72030.000000, 72030.000000, 72030.000000, 32760.000000, 32760.000000, 32760.000000, 32760.000000, 32760.000000, -92050.000000, -92050.000000, -92050.000000, -92050.000000, -123410.000000, -123410.000000, -123410.000000, -123410.000000, -179270.000000, -179270.000000, -179270.000000, -179270.000000, -228340.000000, -228340.000000, -228340.000000, -228340.000000, -304500.000000, -304500.000000, -304500.000000, -304500.000000, -345870.000000, -345870.000000, -345870.000000, -345870.000000, -307790.000000, -307790.000000, -307790.000000, -307790.000000, -238980.000000, -238980.000000, -223300.000000, -223300.000000, -36960.000000, -36960.000000, -36960.000000, -36960.000000, -25760.000000, -25760.000000, -25760.000000, -25760.000000, -25760.000000, 141400.000000, 141400.000000, 141400.000000, 141400.000000, -6580.000000, -6580.000000, -6580.000000, -6580.000000, 62020.000000, 62020.000000, 62020.000000, 62020.000000, 62020.000000, 85260.000000, 85260.000000, 85260.000000, 85260.000000, 85260.000000, 107870.000000, 107870.000000, 107870.000000, 107870.000000, 121100.000000, 121100.000000, 121100.000000, 121100.000000, 119420.000000, 119420.000000, 119420.000000, 119420.000000, -38990.000000, -38990.000000, -38990.000000, -38990.000000, -38990.000000, -700.000000, -700.000000, -700.000000, -700.000000, -700.000000, -94640.000000, -94640.000000, -94640.000000];
h = [-0.0018225230, -0.0015879294, +0.0000000000, +0.0036977508, +0.0080754303, +0.0085302217, -0.0000000000, -0.0173976984, -0.0341458607, -0.0333591565, +0.0000000000, +0.0676308395, +0.1522061835, +0.2229246956, +0.2504960933, +0.2229246956, +0.1522061835, +0.0676308395, +0.0000000000, -0.0333591565, -0.0341458607, -0.0173976984, -0.0000000000, +0.0085302217, +0.0080754303, +0.0036977508, +0.0000000000, -0.0015879294, -0.0018225230];
